% Defines colormap. Called by rootSim
brightfieldGFPmap=[0.6510    0.6510    0.6510
    0.7197    0.7208    0.5208
    0.7884    0.7905    0.3906
    0.8571    0.8603    0.2604
    0.9258    0.9300    0.1302
    0.9945    0.9998         0
    0.9602    0.9998         0
    0.9259    0.9998         0
    0.8916    0.9998         0
    0.8573    0.9998         0
    0.8230    0.9998         0
    0.7887    0.9998         0
    0.7544    0.9998         0
    0.7202    0.9999         0
    0.6859    0.9999         0
    0.6516    0.9999         0
    0.6173    0.9999         0
    0.5830    0.9999         0
    0.5487    0.9999         0
    0.5144    0.9999         0
    0.4801    0.9999         0
    0.4458    0.9999         0
    0.4115    0.9999         0
    0.3772    0.9999         0
    0.3429    0.9999         0
    0.3086    0.9999         0
    0.2743    0.9999         0
    0.2401    1.0000         0
    0.2058    1.0000         0
    0.1715    1.0000         0
    0.1372    1.0000         0
    0.1029    1.0000         0
    0.0686    1.0000         0
    0.0343    1.0000         0
         0    1.0000         0
    0.0004    0.9886    0.0004
    0.0008    0.9773    0.0008
    0.0012    0.9659    0.0012
    0.0016    0.9546    0.0016
    0.0020    0.9432    0.0020
    0.0024    0.9318    0.0024
    0.0028    0.9205    0.0028
    0.0032    0.9091    0.0032
    0.0037    0.8978    0.0037
    0.0041    0.8864    0.0041
    0.0045    0.8751    0.0045
    0.0049    0.8637    0.0049
    0.0053    0.8523    0.0053
    0.0057    0.8410    0.0057
    0.0061    0.8296    0.0061
    0.0065    0.8183    0.0065
    0.0069    0.8069    0.0069
    0.0073    0.7955    0.0073
    0.0077    0.7842    0.0077
    0.0081    0.7728    0.0081
    0.0085    0.7615    0.0085
    0.0089    0.7501    0.0089
    0.0093    0.7387    0.0093
    0.0097    0.7274    0.0097
    0.0101    0.7160    0.0101
    0.0105    0.7047    0.0105
    0.0110    0.6933    0.0110
    0.0114    0.6819    0.0114
    0.0118    0.6706    0.0118];